2208
572
9116
3475
4500
9574
5641
9166
9727
7670
3030
6816
2621
2172
8074
7634
7455
3468
5423
4888
3594
3684
5136
363
4111
6762
4480
4705
3924
4626
72
6234
9073
2345
6824
9818
616
5521
4831
30
1515
6297
3430
7197
5985
8791
9926
9276
2467
165
8650
9054
8881
326
479
1079
7714
5235
2119
9051
456
6343
1629
2903
4130
1667
1219
4171
2075
3998
1896
8627
2752
205
565
9185
718
9435
8710
25
473
1909
9798
8473
7050
4229
9859
8290
4896
3176
1808
6647
4743
2942
2249
4657
2598
3790
9841
5276
1842
9572
3400
2322
8144
1176
8745
4466
2776
3083
1615
5165
4677
3824
9543
8301
4505
3685
5344
7633
5853
7293
127
2921
8869
8572
8767
3003
9650
142
9446
9552
4930
868
4531
4639
4802
8012
1780
6099
2963
1484
9908
4123
9722
1242
2144
2926
5202
4651
8986
6296
8428
7126
551
2774
2742
8500
3236
2522
3658
6695
2454
6667
4109
6580
5710
7181
4536
5550
1578
7880
6355
6272
8553
8343
6669
9207
1399
2464
7080
5002
6822
1195
3586
8423
94
2272
9070
5835
8475
1938
6465
7421
8676
6258
6984
3623
4028
6753
9846
3330
4641
6725
7468
8110
3154
9063
3329
2571
8062
6039
8881
3622
7671
4333
2770
2627
8406
5357
4305
5636
2936
3990
7483
1011
5781
9511
712
9714
3921
1646
689
7644
1931
9903
2306
343
2660
3037
2859
7561
1642
8136
1872
3060
8434
6099
6017
400
3875
3472
1715
5539
3871
8891
9405
9039
8685
5680
6319
4328
9841
9353
6813
8528
4894
4472
8985
6450
8578
2766
2174
2871
3663
9718
6681
9592
4185
1280
2898
4896
7723
8317
2313
7293
6292
356
3963
7380
9568
9680
9731
9742
8289
9798
1693
1890
4844
7798
3350
2128
8064
6557
3215
2343
2592
9716
448
1572
3010
9370
570
8265
496
2121
613
2917
7404
3335
2264
7317
5745
3803
2390
5735
900
6473
3925
2246
5673
9452
3163
3751
9874
4719
1329
7183
7538
9529
2601
3311
5504
5698
3708
4125
4679
86
9068
3792
474
1477
5864
7079
9237
4165
4942
9911
1359
6613
1162
2224
9115
7838
7293
7946
1485
6664
4617
9633
778
7878
2024
6282
6440
8751
8973
8801
2532
8602
4754
3297
7955
4677
7008
2239
3248
4786
7806
739
9844
7519
6784
8211
612
9968
1712
5646
3668
491
522
898
2825
4096
7314
459
1917
8307
9344
6649
7339
7384
1899
6972
1081
2569
7028
2895
1158
2886
1161
3502
9417
7322
1130
6421
8569
9606
7656
8214
4347
7005
5017
9462
7158
9068
1129
6630
8675
8819
2170
7913
8815
83
3020
8118
8034
6342
2839
540
666
3574
5477
9916
7233
8379
9933
5912
7038
5861
2138
1687
9911
6338
7402
7425
6532
8236
2226
6941
782
7266
5327
6901
2998
5314
6023
3490
1154
160
5246
1834
8690
3989
5092
530
3105
390
2716
9458
8951
6496
6968
3908
7691
7117
1216
4407
3670
7686
1585
1974
9298
9893
3314
6337
1698
598
6145
4565
11
5354
3580
6525
464
4007
6812
1860
8427
2623
1228
3941
87
6282
6487
4497
363
2835
767
4060
5185
1469
2570
1445
7556
6128
647
2160
904
8500
7503
2546
4611
8008
6742
6872
6569
9232
4384
3477
8805
457
5952
7782
1011
4537
156
9347
9756
8872
252
9092
7160
1877
594
1437
6711
9623
9779
9784
8875
4865
9603
8814
541
8240
3151
6625
5232
9604
7044
9833
563
2665
5357
7897
9487
4049
201
781
5280
7663
7419
6067
8689
4738
9643
6210
1376
3645
9834
8219
7649
3823
9699
1947
5326
3940
6284
5147
9723
9351
3004
1220
8375
7730
1462
1794
1935
9316
3316
5892
5421
6413
6303
1548
462
4825
1834
1945
2818
6423
8111
5535
1532
7492
8337
3840
1320
6089
1952
5689
8316
798
651
2987
7607
9961
1792
1093
3607
647
9983
2299
5607
3766
3565
3429
8741
6284
5716
2357
8721
3544
1463
5014
2657
7027
754
2254
2385
2178
3616
7873
3944
3979
231
2130
6006
9106
4815
9237
2138
9327
4336
5734
1968
1725
3896
3600
5319
2369
8539
9899
9441
1125
6917
8053
5283
3088
1467
4492
9932
1332
3344
9717
883
244
3107
8492
5513
8944
5542
6984
893
1471
8937
8698
6894
311
1733
9458
8155
4651
804
1534
2710
6162
1101
6816
9992
2816
3759
9131
1806
115
5267
9418
2064
7884
9747
4285
6130
4792
1785
321
5684
4715
1728
1882
1284
3688
9335
399
5412
2478
3956
99
4837
6706
1749
6459
3794
2821
609
4417
1482
1923
8205
6676
4373
7287
3531
3626
2743
9982
7869
8867
4803
887
4503
2075
9671
9971
5763
7611
2869
30
3053
8476
4945
3690
7998
6986
1078
9509
519
5665
5508
3415
2803
935
916
9066
447
4038
4812
2197
4534
1171
6205
5159
2484
2832
2857
8989
9388
6282
2867
7392
2597
6528
2879
5406
9951
209
2360
1763
995
4720
1264
883
4057
8359
3042
4279
9203
4325
6307
546
5223
6966
5175
4703
9066
2573
9776
4409
9543
3680
5794
6390
3678
2720
8386
9041
794
9044
4684
9203
3547
4785
1203
4605
2002
5720
275
5060
8171
5356
5826
3433
3284
8078
3733
6788
4492
7207
4160
9484
6295
8833
8517
9510
4286
2162
3150
4872
6291
2854
2533
9977
674
9
5520
5831
9683
5726
8234
36
5451
4510
5052
9053
5426
6304
6875
7064
528
8417
8667
7034
7473
7137
3474
3699
1880
2042
3847
3863
495
6893
7816
1545
6252
5163
2251
8117
4687
1964
5292
8267
3879
2912
3878
1971
7029
7232
4205
9185
9049
3776
3703
343
6520
6563
4827
769
4527
6171
9249
5217
1521
4139
6585
6279
6156
6171
6744
8589
7018
8936
1805
5277
1988
6453
5634
2447
2896
3730
8398
3794
283
6039
2871
8422
4081
9741
1637
8228
5257
9641
929
8283
7198
4070
4828
1128
2152
9102
3020
6241
2426
6292
1729
3134
6260
2305
3446
84
2440
1738
4467
7775
6857
9802
416
1932
7584
2097
7971
9408
4025
7305
714
4281
4426
8288
2069
9263
4387
2711
1802
3829
4768
870
5868
6146
9212
5577
3173
1863
2192
1259
5040
9357
1017
4638
6116
2780
4552
1413
1915
7546
194
5758
4577
3454
3000
5790
3783
3088
4193
3914
3270
7743
6547
8336
2097
5198
784
5921
2884
1916
7341
3179
4553
7118
478
8294
409
9787
3101
3435
703
5765
3578
9276
3144
2863
3020
6980
3639
3823
214
6940
9061
5921
3061
9927
1685
8645
8133
1707
3510
3798
5058
5869
4865
1080
5564
8135
6962
5197
628
7016
5572
5348
452
4792
5125
5007
3243
22
8201
5968
7542
4337
9930
5647
5546
9743
1772
906
2381
4973
6847
2746
1444
9508
3566
6062
4983
4532
8180
1030
9681
2608
4494
861
5428
1509
59
4516
9369
1352
5793
3063
1941
5436
5497
9391
7127
4428
298
4915
3901
6635
9331
2187
2967
7365
8162
6995
4771
5202
2754
745
2967
3111
1105
35
7486
7928
2095
5536
6793
414
3490
8201
8023
2081
1415
8627
1391
9634
611
3076
778
5304
7751
2943
3406
9381
7426
158
7636
2435
6960
4395
2843
3361
4224
9435
2678
9860
6740
7191
8016
1260
7329
4888
1568
4516
8486
3951
4599
6293
9594
3151
390
6248
8846
3160
1517
9062
641
9184
4526
9390
4482
9087
752
4801
8032
5959
6400
8430
8766
2574
8977
133
7810
6442
1332
9130
1228
1416
5107
5433
9940
6185
3239
3136
1788
5402
4329
7277
9285
4990
5781
2916
5389
3882
3035
6093
9317
349
6111
137
2961
265
4513
2751
1449
3842
2167
8119
6493
4082
4662
5505
1349
9351
3663
2627
4549
3530
3861
4766
7552
9789
3565
7340
4452
4464
335
9720
3491
1119
793
9609
2386
8444
2867
5676
2090
7524
461
8302
2347
9921
4084
6499
6000
1772
4435
8101
9502
1324
3942
6957
1799
8528
9290
7479
9691
2372
2433
1013
382
2387
1794
7939
5012
714
1084
98
4744
9525
1706
6451
8092
1288
8114
1025
1883
3516
7432
8939
9258
2788
3280
3981
4109
9834
9617
7083
1079
1179
6676
3050
7033
1996
1356
1130
6923
7224
6751
8883
2712
1319
4978
5530
755
6156
2068
7729
8760
3787
2769
825
2686
421
4038
8404
7608
865
2980
8395
9466
6281
2781
5849
6633
958
9708
354
3899
2905
2385
500
4526
3904
490
1096
965
9153
1053
3429
924
4173
241
9714
4812
708
5725
1669
6842
9769
920
1724
2026
6353
5696
6983
802
9422
2662
2448
3209
4658
5350
3513
9710
9923
3924
9553
5300
5178
1122
9474
827
3927
3950
7770
426
276
120
1219
8840
2052
1825
6017
9803
6408
1311
7176
711
1246
3182
6680
1896
6599
8529
4294
7883
1555
8565
7384
8966
8364
8518
1292
1384
4635
4506
2965
6283
7514
6924
7028
2198
5511
4068
5919
4479
2642
4705
272
2510
2532
4408
8109
8108
3308
1942
847
2218
7879
1377
9665
3054
906
9789
8503
8089
4351
4555
7000
7828
5674
4908
5274
2120
5415
3315
4297
780
2530
8520
1715
5225
5795
8408
7347
8922
3028
9834
2424
8943
2448
9581
3073
8481
1705
5533
5655
5456
6518
1876
535
1687
2376
2157
5082
2545
7
5587
4083
9157
4701
3880
453
4733
2815
3683
8542
133
9684
4928
5380
7550
1299
9419
7227
7346
4877
1351
8800
2210
5652
4729
2148
9291
8839
5330
5928
9895
8155
8137
8162
9519
1607
7798
9482
2094
1244
2987
6595
4561
3903
7214
7529
4347
1173
5425
5251
2725
906
690
933
802
7821
7741
150
7889
6331
9776
8232
6476
1911
5255
8697
3357
8195
6758
6981
6063
6238
1669
6246
3138
8522
6373
9545
8473
9912
1873
4302
4942
4835
5696
8812
3094
2341
2614
4462
9998
7882
2442
3678
8212
6495
6243
7213
1507
7846
6795
2444
8214
8682
9973
6746
3565
4729
7803
5946
4093
1682
1904
8143
6274
8044
6309
4855
3888
3809
5719
4882
9431
5318
101
5070
3925
8968
1263
1281
8549
8084
698
2577
4933
2770
3152
7459
1877
5391
4036
5694
3163
5302
851
9691
2260
715
1158
3260
8741
6292
7940
6838
1967
6164
5780
380
2577
6212
2881
3977
6360
6256
2518
3962
8385
9500
1896
2693
510
3745
5283
5210
9783
9160
2508
2773
3080
3282
198
253
697
5026
3041
7980
5451
8567
4284
1051
189
7705
3595
4282
6190
399
1092
4537
8941
6683
3283
4757
3053
5491
3501
4530
5252
189
4209
7634
4371
1414
9162
1263
351
2159
3810
4987
8174
3380
385
7073
2957
4202
7427
4023
4494
2773
4519
8323
7391
275
9331
6247
6309
3544
165
3290
4584
7527
7669
1061
2695
794
6694
4118
7421
6351
2267
1316
203
4271
7862
8192
6389
7563
2779
7525
3497
7765
2708
7900
1449
6008
7022
9614
2698
7141
3920
4326
9253
9436
2971
4722
6683
7187
589
6326
357
1830
224
461
6777
7691
9455
9198
2408
1776
2185
5095
2949
580
878
7544
3808
8559
4038
558
9152
6302
3697
7914
7760
5839
7641
958
5648
8325
2131
7571
172
488
3093
3930
9097
3581
3201
4861
9900
8894
1440
5569
7429
7589
2074
4939
1784
202
8673
460
9868
646
9133
234
540
7508
6018
9484
3884
3651
2238
2641
8533
5194
4046
9182
9905
6873
5904
2722
3907
8871
1155
1752
1181
174
1451
4489
3909
8767
7473
7227
145
3570
9031
4921
2815
3023
4537
3312
4193
8594
8527
6740
4790
8847
3183
5949
1988
5266
7583
1
6641
7969
9464
7743
1345
4816
646
2853
6362
1425
3148
2479
4083
8070
772
861
6251
356
2980
4767
8038
7766
1372
9600
8081
1947
8940
1692
519
3085
4947
2942
9852
6463
2546
6331
9526
4802
142
7845
3644
4260
3989
7965
3367
629
4248
1176
6677
8935
5142
1532
5868
7970
1817
3608
5675
6850
6265
718
3740
7886
9359
4749
4278
8565
2789
5567
1759
998
5368
2379
8959
4844
1791
1144
3552
2164
3910
7520
8033
7405
2643
92
3945
1083
3065
7218
2744
9592
8923
9863
9369
9496
3016
5138
7076
6247
180
6351
5057
1409
7272
1661
1671
5997
7520
4469
7794
7159
8994
2039
4130
8089
1118
5682
2416
6869
1009
2368
7420
2049
9380
6892
2049
8160
8673
4833
6202
4329
389
960
463
7110
1905
7309
8119
6332
4651
2071
4433
673
6449
6274
7470
4447
8477
4915
5285
2835
1156
9767
7418
7074
3769
9920
1929
7818
287
6141
2764
8528
2427
9061
8220
5195
4615
2960
4917
91
5667
1906
2018
1655
4743
6101
6935
9827
9187
2210
5165
5786
7303
2091
871
2206
4558
6040
6180
5785
2741
364
9390
6654
2186
7251
1215
7153
3248
3979
2899
1888
830
7195
8184
8845
9431
8068
9713
8265
8868
915
3691
6894
3773
4784
5207
7305
1688
2727
1638
8514
6008
8576
6691
9129
2726
4317
3225
9679
4061
4992
8021
5454
1855
8726
1511
4742
4197
4483
7506
229
324
5275
5779
7522
7771
1258
9294
1575
6137
1154
1203
1864
2987
7359
6560
3460
9619
6504
992
1847
7604
8964
3041
8921
3402
101
7107
4743
6359
7190
8029
4060
1767
2621
1305
7627
5173
1229
5391
7212
1958
3228
6896
4753
963
5195
8969
1811
7509
5543
2855
7550
6361
3018
9785
3301
291
6559
6113
6356
2430
3745
3381
4112
6353
1006
6162
5853
8190
3197
4496
9868
612
4185
320
8254
6612
8409
9377
4298
2672
2350
2147
4999
1535
7688
2899
1143
766
4965
8116
1696
5328
5927
8303
3783
390
1521
2497
2203
5786
4910
1363
7500
2133
7966
1543
7142
1921
8589
462
2542
4088
7954
1622
9847
9723
3857
785
7441
8191
9149
3713
1824
8113
2414
8127
3348
4618
8890
8330
1466
6654
3251
1165
4958
239
9086
7273
3227
9198
2379
9858
961
5921
2790
1830
4434
5072
296
8839
8025
2442
2762
106
839
3828
2968
3656
1739
5105
6622
1890
7454
478
4818
9473
3576
740
9997
7323
3970
7808
1815
8706
8201
3103
526
7814
523
1331
2675
6235
9250
7027
1249
4021
5338
126
3962
1408
4209
7216
9616
8844
6106
7293
6989
2933
2717
250
6704
5088
879
6347
1493
8914
9001
3735
255
2331
3831
1271
2084
4991
2464
1310
2037
2245
8221
5395
2713
8889
9208
953
7685
5196
6707
415
378
5147
6321
2659
939
9837
7893
4914
5465
8389
9029
8235
1452
4824
970
4113
6112
2600
3431
4815
4907
7727
2452
9669
6919
5240
9398
321
5584
5910
1148
4889
139
3128
3304
9685
6816
9364
1321
8922
8262
528
8273
9904
3530
5025
5479
1269
3900
9770
172
2170
3286
3174
7282
2587
7257
3264
6461
5004
3957
5423
3882
4911
7717
1792
4711
5411
1349
7291
2462
7718
5522
2616
7393
8586
4636
5962
51
9142
8202
8761
7521
8243
186
9390
4428
9639
611
9527
867
9711
2329
1178
1809
8532
7676
2662
8368
6784
6734
1541
25
7450
2511
4830
9930
9262
8695
2536
7586
3896
9807
6152
3756
1214
7900
7467
9541
6413
9289
5023
5563
2060
6527
4587
5797
1469
3332
1440
3945
2706
5550
1111
3342
3212
4018
4393
3823
8462
5214
317
8695
5168
3423
7964
9471
9487
4095
8417
9858
6674
3454
1085
8138
5560
9100
423
1193
765
8289
8016
1861
8940
4217
1315
9024
9197
3904
7739
2435
2783
3813
5456
4263
1617
2142
3673
6640
1003
8024
6661
1735
186
4136
7749
4210
3832
643
2689
5378
4041
5831
6299
2600
801
996
976
7604
7076
5195
5130
7596
8870
9633
2098
4454
1905
9039
5411
8979
1108
1370
8250
6247
4248
8634
9114
7529
4382
2105
6221
3491
4004
7993
8244
822
5319
3314
783
9838
3443
1608
5864
3085
2789
4405
5385
4663
1969
5464
6878
8026
7167
7321
245
87
6176
1783
6706
6705
5519
4481
6655
7553
4899
477
4049
1636
6577
6808
3605
5826
1710
5147
3353
5547
9938
2054
1960
9679
2327
7275
9325
9594
6449
8874
8345
1691
5592
7045
639
2304
2816
7727
9644
9984
1514
8310
4788
2612
3235
8281
5975
2851
4970
1351
7027
9496
9871
9015
8883
5730
8023
2494
4549
3224
7916
5360
5802
1031
3185
5206
678
3273
7763
9640
5735
8884
6475
2759
274
4316
1121
1321
1512
4149
6938
9810
4216
2586
5186
1788
4527
2499
2244
1235
2122
5527
949
3616
3292
2750
3073
5615
4155
3728
9630
9487
980
8528
7405
3461
9359
223
7999
5709
9181
8414
6579
559
7933
9300
861
7450
575
8567
1651
1775
4576
2203
3505
2909
1828
132
7724
4212
129
4618
451
6200
375
1624
5058
164
46
5153
4225
4200
4425
7264
9865
8321
4502
3273
3062
5988
4247
5874
2663
5255
9658
9224
722
8971
276
8895
9429
3017
5949
7497
4984
9432
2437
434
4030
6729
2869
6742
1115
6623
5007
2640
7103
8174
7335
2512
287
4527
1627
6663
3109
8141
7710
6338
4862
9087
7810
5457
2465
3842
9923
4003
1088
7874
3089
9648
1750
9462
8662
3538
1553
7701
7158
4993
3753
3640
7603
4170
8446
6206
6624
6747
7536
2646
8814
4461
4743
4524
18
9502
1667
8867
9223
4859
6014
5979
3392
2727
2862
3119
7846
1674
1959
7727
8175
9384
3980
4325
5648
3996
9222
9189
1033
6785
5181
310
6958
1486
2051
1191
759
8316
8304
1792
2957
7285
2184
646
1044
7162
5289
3002
5864
7216
8257
6015
1104
7097
2412
8679
3056
2635
6010
3849
9418
5167
655
9760
1268
1288
7956
467
8757
7293
7644
4908
5880
1813
1569
8072
7619
1438
3708
3898
5538
8042
4147
8972
4108
5975
4860
6435
759
6713
9504
1021
8616
2678
8235
1418
7762
1966
6608
6372
9808
3045
6522
8637
7406
4927
5100
8804
5920
8215
1994
9587
8406
9499
7969
3767
3800
6279
8193
2397
635
2892
843
5734
294
6077
1573
2727
1022
9990
7178
6559
1964
3626
3678
3333
177
2871
559
2958
368
2856
4712
1080
4745
535
6335
8390
5846
9853
1054
7193
2174
9655
3471
6599
1784
8726
1600
2090
25
2756
5477
4232
2686
8638
2669
8026
9477
3042
9261
6347
5622
6294
8649
3535
7983
5506
4593
2717
7772
6572
4552
5867
5366
3822
5391
6900
786
4854
7968
633
6474
4218
4135
4705
2617
5525
4842
7902
1392
3027
6634
3118
6470
9589
5154
6490
1564
2673
9467
2431
8221
585
3794
6950
533
6566
1
7826
6713
2641
8682
9958
5652
6237
8691
2080
7682
6693
1370
3190
2484
4398
1466
1195
9604
2952
8870
3726
2787
4854
3122
1136
1934
5463
2225
2080
8847
5089
6504
7044
7536
3626
9746
1382
6938
5826
3197
4201
5915
8208
625
5030
3894
2391
2001
455
1125
932
8218
2672
4633
4887
2104
2613
2130
9276
3976
2571
8042
7461
3368
1999
4219
5541
9227
4685
4161
7980
8904
3951
7338
3930
5682
7202
6826
4930
5987
4774
8763
6525
1329
4498
4562
5127
8658
449
7661
5866
6316
5597
5144
6757
6901
4214
783
2280
9577
2111
2893
4415
3530
5318
7490
1224
7986
382
4340
1875
8516
8571
7949
8870
4672
8233
354
7162
4085
6744
7699
7813
2000
8136
766
116
6515
8190
8174
7413
1665
9184
5697
1663
8070
3091
4952
206
2900
1310
7239
1167
2056
4394
2588
1636
6186
9208
6572
7332
3651
4671
4713
4658
1593
5121
3120
9001
4038
1306
2014
9313
2471
5108
3507
6704
8656
5433
5359
3760
3437
7190
2616
1416
8739
3367
7934
9450
4756
1525
5366
8937
5441
106
4978
1045
2171
1837
4529
6117
1730
1966
3203
3471
5438
4703
5765
326
2444
6444
4683
5553
208
4185
6491
8564
3081
5607
9926
8798
1490
6611
7890
6606
8740
8875
7378
3778
7753
4030
2263
1789
8811
639
639
7364
7195
7220
2236
598
8542
9841
6432
8006
6034
4669
5460
5590
606
1742
264
4130
39
4166
4533
7222
9182
6729
6222
4204
9767
393
8084
5110
3045
6304
5864
3332
577
7513
7228
4067
4730
8972
8931
5426
4070
2212
8919
1570
8662
3583
5257
6682
7783
6241
2242
9492
6277
9509
4920
456
2890
3825
5901
1826
7188
4037
2514
482
1317
9488
8056
6385
1924
4303
1111
2635
9521
1811
4631
3789
9493
4830
3100
3915
8887
6538
7007
3726
9323
1461
9222
5017
6326
476
9894
3495
1437
5299
2287
3667
9146
287
3350
8516
7264
2656
5680
514
6886
2319
9593
4729
1983
111
4933
9897
2683
8371
2366
1063
1238
1036
7660
261
9646
2029
7090
4056
8034
1117
4789
6891
8101
2024
1944
8976
8466
9443
7970
1646
5258
4922
2353
8476
120
6760
7976
776
9334
6785
6036
4804
2665
8479
6956
2141
8534
4008
1367
8746
9048
4328
2119
3790
3002
6144
9731
9769
5982
6299
8642
6513
912
2201
627
6456
4597
2218
9738
9435
957
9464
6085
8487
215
9025
1132
920
8740
8272
6359
431
3731
6599
857
8079
2428
6283
5338
2820
9128
652
1123
3312
9837
4048
1314
7187
5848
7835
6062
775
4483
3548
6036
2294
7830
3415
8143
4504
9929
9642
871
860
5272
9103
7984
6482
5167
3613
9171
6579
1780
2699
1017
2110
4853
515
3924
8192
1046
2750
4840
5919
9981
3953
5190
4563
2265
6724
6698
8946
2348
8603
8474
5942
5369
1363
5135
7037
5864
2714
1280
2188
2983
1483
9433
8961
4427
581
1931
3556
644
3352
8973
8248
2606
6779
448
6100
5219
1804
5072
3321
6078
5301
5142
5680
2795
7655
3962
4466
2251
2502
5430
2514
9011
6625
8278
7882
7843
7980
6603
9185
884
3644
6879
7286
2587
5982
7939
3116
7018
8212
6581
4466
8518
6109
5661
6510
7891
9696
773
8229
5355
3093
8217
3449
4813
6320
9348
8336
1378
2811
4170
9245
9259
1310
4964
8061
3559
9598
8870
5920
5985
8575
3277
8801
2693
7831
7012
2756
7395
6753
3221
6700
9404
7035
8972
3622
5962
172
103
5157
572
2101
986
3818
4302
5507
8448
3856
7047
3950
2460
2466
8300
6802
3596
7786
5554
7047
6191
3190
3456
9471
9917
7656
9171
8107
261
827
2812
5594
4052
1150
932
2511
2049
8686
7375
5758
1574
4308
6110
7284
392
5767
7455
2784
2951
3040
2639
65
8513
6841
271
9229
9265
3968
9028
4491
8086
5118
7880
9853
526
382
3791
7390
3729
6332
8676
4
7001
9724
9857
5026
127
7236
8525
3533
8017
2391
8128
5993
9423
1887
4770
2159
7702
2886
7426
3277
3764
1313
6243
282
3657
4138
2352
1508
8222
952
9951
9976
8224
9805
7940
13
661
8348
4876
1630
5039
9365
7626
546
2318
1230
5071
458
9855
6063
4978
1926
9970
874
1983
6484
7098
4870
1259
966
3038
8215
9542
1263
1164
3179
7673
570
4445
7299
5087
230
4532
7932
5376
7442
2575
7497
9321
9297
2576
2111
2551
1194
4806
7788
369
5295
1588
3621
1510
4552
3955
3611
6844
3404
2451
7561
6679
971
6220
3165
5018
9850
8116
832
7992
7819
313
132
2179
6569
4669
7305
9318
7581
8274
9228
7838
3152
4619
1932
82
1902
1394
3802
5444
7379
7816
4508
5440
4229
9895
9518
225
3469
8227
6807
8835
9139
6639
7331
9123
6213
9419
6946
8930
4675
4891
1164
5944
4858
9299
4383
1142
5948
7295
71
276
9481
7983
2088
793
9964
3280
2843
2440
5427
3477
5859
6215
8332
4980
3835
1084
6393
1997
2974
2944
5776
3301
2402
421
1522
8017
1153
68
4054
6478
2198
3438
9057
6573
6481
7445
131
1691
4054
8291
273
9727
8968
472
1851
5917
7086
6785
2074
5207
608
1555
3528
5667
5328
5960
2315
1784
1223
2016
3311
8514
667
6744
5215
2789
8106
7848
7952
3054
7525
6678
2699
6676
1244
7577
6196
4382
6546
6488
8795
9038
6525
5104
4607
3131
2380
1508
7978
604
53
3055
1821
9360
2938
2933
5640
3291
199
919
4694
3755
1451
7446
3907
297
8577
687
8171
2122
6906
5188
9089
9493
1592
187
8584
3743
3817
2367
9090
6818
2494
3252
8722
6460
1831
905
9904
8036
8270
9110
7896
8711
1132
9525
8943
6192
6923
1853
5620
4423
3386
8040
4559
7712
4198
2071
9145
9300
7563
9964
2567
3245
1127
5044
3860
778
7847
440
3817
9890
6593
1624
6508
2998
2653
1448
9635
559
7792
7223
4115
1143
8358
6314
7081
5539
6379
9832
5828
878
3879
190
909
9585
2532
1667
1605
413
9949
5653
9353
6203
52
8690
3812
2411
7712
5795
9314
2202
7170
1331
2492
5663
5458
2733
9188
7731
5947
9555
6367
3392
463
8603
9802
914
7096
4644
3370
6683
2173
1462
8180
8867
6797
6567
917
1820
5210
5066
1392
4723
6197
2291
5154
7202
435
53
5459
9795
3177
380
4012
6031
8617
7830
6703
1861
7832
2971
7111
6374
5051
4190
893
6332
9758
5372
4388
8795
7632
2434
1602
6256
3519
4203
5931
4694
8667
5510
1211
9639
7274
374
4640
7247
775
6307
5778
8157
4360
2429
4576
3635
1915
1665
6216
1292
7227
9525
9027
5165
5941
4861
3019
4772
1953
1408
3289
6861
9296
9316
8671
6740
4561
1605
6015
1028
991
4757
4886
3054
1435
5646
2713
8037
4609
5571
9418
8550
6761
8180
215
1014
7517
7456
6639
3635
5090
5349
3458
1836
8853
9027
8564
2413
1043
5038
2365
7730
9365
2114
1616
7468
1830
5809
246
2402
5842
7880
6230
4911
7324
7472
452
7545
6252
7360
1219
4626
1972
6943
8552
4055
1502
2551
9997
3830
5748
4629
7470
4428
1435
6477
3139
2156
5388
8555
2874
7612
1888
4004
7873
3850
8408
2731
8285
5099
3799
3583
1242
6612
2396
6145
1664
7042
6895
8788
1422
6563
5735
9485
6581
6055
454
106
6996
6577
3506
5615
939
8952
9233
5563
4158
3963
4560
3337
3208
977
7568
2611
4153
4397
430
2432
4254
8752
5581
2446
8828
9929
1889
2395
7112
1719
1915
4861
2870
7776
6956
9346
4764
2266
9672
9873
4177
9494
8777
4031
8344
2412
3533
894
2195
4162
8541
2480
502
3062
2970
5545
8650
8971
2726
1954
4250
3440
7436
1674
9069
2299
78
8199
9760
7989
8537
3514
4127
7343
4007
6961
4640
4771
1185
4998
8925
6373
4414
6052
3964
40
8972
3913
8044
4781
5338
1063
1822
8310
7135
9525
814
9208
2907
2947
4748
6767
9497
4507
1771
6155
2701
194
5558
9480
8831
3101
3850
3404
9444
2737
3892
7770
774
1442
5159
515
9888
781
6330
8604
6887
4930
6876
5994
4136
5737
8021
1178
2474
8566
2634
4717
6112
7910
5020
5297
4574
7801
110
9211
6964
5002
9393
4847
4940
5561
5950
8450
4764
4201
2448
1543
9481
5397
1675
2886
248
5438
4989
4459
5442
6672
9183
2314
9059
8819
5047
384
6799
6620
4750
1956
6866
3987
6777
6317
5362
3296
1942
3677
9876
4863
9125
6187
5255
8802
5728
1007
8192
3798
6281
1686
3923
9421
9038
7445
3500
2730
4763
3001
3063
6652
5549
3981
9954
8913
5678
150
9580
316
2642
9784
5194
5058
9725
9980
6630
9565
8847
4329
4228
5315
3645
8078
1539
7281
6988
514
6620
5233
2732
3010
2139
4076
3408
9433
5863
2744
3910
7167
9199
3265
6199
8344
5554
566
5596
1485
9291
5211
9802
9128
9016
636
3725
2344
2853
4929
6157
165
9626
4172
2558
3997
8910
511
2922
1949
6246
651
9203
7979
3262
6964
1064
8624
5298
8928
982
9123
4681
7966
4280
5472
4415
7299
4108
9848
9150
8655
6499
882
1864
702
5333
3263
8916
6139
7695
2572
9634
8383
5082
8784
60
7607
6841
9348
8220
8612
1231
690
9972
5803
4698
678
4638
1180
2784
7426
32
688
5284
718
6587
2972
9941
6204
7505
3299
9252
6090
1696
7895
3760
4992
5807
2592
2495
8793
4660
901
8827
2526
288
8518
8326
5742
9112
5421
684
474
9841
4697
3012
9212
3942
7082
2098
3960
7689
9563
9740
9371
9748
2072
3031
2896
666
8225
5501
9633
8496
9031
4477
2043
7457
4196
8208
7386
9698
9095
7635
4515
7187
9148
1318
977
3711
5258
9359
5462
2736
5750
9308
2579
8193
4822
2083
116
4354
1359
1192
3074
7490
1807
6971
3804
1964
8823
4138
4848
4208
4192
586
5522
2828
3743
7262
4063
7031
8611
7570
3692
9099
3546
5255
631
4572
3907
2250
4895
169
1487
3859
5968
3678
9057
7143
6006
1427
8180
8347
6051
6981
3404
6998
5403
783
4388
9601
8460
2597
9799
573
796
1500
9818
5041
6714
185
6454
9247
7831
7525
8771
2642
733
7113
6976
1559
1453
1340
9232
2980
1095
7526
9742
4153
18
496
7857
4146
3963
763
2042
4198
2954
6473
538
2959
2273
4972
833
2374
7038
8441
6065
2826
7455
455
3553
3005
7301
6922
9197
2299
1489
9047
4267
808
9658
3060
3096
165
6289
6718
6289
5135
460
2645
1406
8644
5407
6840
280
5074
3049
4296
6860
6382
8777
5164
7527
702
9041
5345
5073
9508
2355
6795
5638
7719
6521
4957
8447
1407
6337
6161
2960
6925
244
3940
7130
1269
4104
4561
2896
6105
7963
4792
4519
1699
6848
5835
5543
974
3382
2853
5422
9922
4723
8072
7780
4842
5585
3985
1177
8163
7567
2745
5370
5428
6328
2363
242
3685
8576
4045
669
6653
2570
8109
8392
2428
4134
5193
2836
337
6312
6587
9786
6201
4437
8527
7608
2949
2487
9987
5497
1126
2879
9786
1379
1272
4601
4508
5738
7656
5851
4526
1234
771
4072
3145
6609
6461
5345
6282
355
7291
5467
6021
8599
6269
2220
2823
1687
8267
3854
7767
4789
4523
4326
5623
496
1917
9998
2253
9846
4579
7934
9208
2308
7168
5434
1202
1176
8619
9445
8145
6359
4640
6739
9113
4379
467
9292
8754
3892
5186
3820
3873
5008
9287
311
6901
837
5158
9882
1760
970
8105
5868
1105
614
3494
9924
8922
816
6169
4788
5875
7029
1459
2483
9690
7064
7871
2377
4916
2948
1981
3811
8389
9597
909
7510
9016
4373
4953
6176
2891
1114
4143
7498
1563
3612
7402
6201
7847
4093
9820
5172
6035
1681
4650
5856
8860
8740
9956
4263
5490
27
15
9464
471
4642
5441
3927
2851
2981
2457
8181
8002
4074
3704
3578
8586
2892
1856
6031
636
4066
9431
3464
4566
6990
5671
4862
3891
754
7078
7403
3968
6220
5149
3519
6188
1874
3960
4911
7611
9000
9257
7901
1015
2223
5705
7842
9604
2119
7339
9832
4973
2277
8846
869
5600
6640
2272
641
6643
213
4186
3064
4946
6427
9788
7723
231
1105
8693
177
884
371
1230
3227
7775
5595
980
4470
8618
1380
8193
1081
1311
2377
3558
7293
4517
1868
9863
1132
2177
4291
2867
5283
5675
1357
9966
5185
5212
4979
4909
2034
6689
5689
2957
9989
3023
7683
3424
5736
3219
532
7733
6789
52
5922
8435
7350
2856
1078
5313
3317
4079
9439
7221
3198
6752
7702
248
1733
4015
8556
3651
3796
2519
5599
3576
4685
8649
7179
446
2606
9617
3422
3850
2370
3650
3220
1927
8404
6526
5761
3907
6366
1987
1933
7013
8063
2437
7369
958
1499
9732
8640
6459
4685
1658
4232
3076
552
1283
3720
6228
1035
1193
3939
3398
3394
8011
2691
3992
7897
5866
6433
3311
4316
2048
3457
1943
8761
109
3002
6996
8551
1359
1458
2826
7744
7197
5913
5685
666
8448
6876
8630
1091
9663
5642
7995
5386
8821
8931
8602
1787
4545
1228
8009
5058
5930
2478
3069
113
6781
9039
9678
1116
4373
9144
579
8834
1333
5685
8159
6262
7700
4556
9015
2731
3270
2277
5790
4158
3651
5640
9152
2253
3831
7203
2503
9798
5606
4314
4541
8746
5433
3513
3935
4560
8824
9286
4410
4869
6358
513
8694
209
5156
7357
1147
9926
6787
7400
6531
5122
1562
1846
222
7459
3935
5260
2268
8698
5734
6984
715
8232
4884
8110
2189
469
1502
1262
9092
9615
3763
8769
3693
287
5362
4209
9351
4968
5834
7480
7182
8553
1324
1105
8585
3298
8030
4123
4428
899
1695
3052
6154
8959
1379
9090
9802
975
1018
5781
8261
1428
3025
8760
3146
324
9492
3038
3038
2070
2878
8809
6259
184
3487
4941
2452
7181
5096
1571
5242
6821
9942
4554
3854
7268
2633
5384
6524
1892
1424
255
1408
3014
4979
826
9391
1140
8525
6
501
3026
388
2366
4118
3283
2821
6558
787
6520
6385
153
6364
7667
3054
3782
9052
1210
7371
4053
2901
3782
3477
6432
89
571
415
2124
850
290
4881
5535
8127
290
6607
3307
2907
6878
9204
7848
43
7496
1660
2033
7092
1810
6987
4580
5847
9221
2733
1021
4698
8203
7003
1164
3285
4806
4886
6050
5493
3380
4324
9851
768
2106
7412
7717
4358
2765
1583
7616
9072
1215
9869
6429
807
6486
6801
8552
5636
1641
1635
3762
3104
116
9160
7671
8327
2284
1583
5983
7517
7820
6442
3552
6589
2348
9159
5616
1706
547
2267
7560
8756
4627
4186
4436
5514
7315
4581
2599
9430
1627
1776
6571
5641
888
1086
3462
979
2303
1356
1912
3631
46
8104
1217
3881
5134
8428
8527
4861
8629
7818
2309
7117
9896
7013
9128
7743
8541
9353
547
9153
9854
2713
1290
2058
9210
2211
5227
142
7749
8914
4208
909
592
3600
9217
4376
6019
870
6135
769
1479
5809
8971
895
2048
5586
2109
7867
6631
4739
8817
7418
5782
929
8051
1734
3677
7546
8507
7243
1474
3477
9212
5900
3428
600
1990
159
8784
8969
1019
556
7436
8181
8031
845
4145
3079
888
5938
9063
4950
7125
3572
6360
6621
7707
659
6822
6280
4331
1071
7464
8296
6559
831
4239
899
3443
6258
6104
3243
8016
7264
9018
9513
9171
3515
4494
294
3501
3527
1999
9462
6739
804
7767
2129
7094
9924
7145
4175
1565
8237
5917
6528
2094
252
1077
6981
5883
3188
4047
2478
713
6850
3891
4609
332
5790
1260
7331
5855
3392
3971
8743
3904
2476
823
1136
8695
6492
9897
3749
1654
7321
1076
7728
6860
5462
3002
4322
6788
1529
4921
119
683
8838
1052
6529
8047
7673
1006
4212
9026
5136
3049
4877
3518
6691
4028
8704
7602
6433
4108
7308
1899
9464
6753
7053
862
5041
2049
8558
513
7397
3130
8745
4921
224
9433
6637
878
9857
7336
5803
5627
4106
947
797
1506
6299
9451
9234
3005
3125
116
2234
6398
4525
6377
2379
3031
7632
5888
5694
7590
3469
199
697
3192
3508
3597
5914
3455
4809
6174
6652
9774
3588
9686
8745
5809
9160
4231
5277
5081
638
8758
6546
261
5453
9775
8717
4764
9880
2041
4469
1927
2917
2803
5035
2636
9861
9982
4762
2532
4405
3029
5789
3422
2112
7894
4647
8637
207
9652
3443
9132
6670
7542
5640
2290
9163
967
2312
3569
4862
4560
6230
56
528
7395
6994
520
5609
5758
4083
3651
4986
5007
1167
768
3939
3303
890
2891
6323
5831
2920
9706
7018
231
5793
2699
3868
6214
144
7449
7428
9563
3447
1805
8626
8522
3651
1552
2771
3650
1064
4542
3291
2115
9625
8199
5602
9484
5830
8896
3160
9251
7458
4662
5958
5182
7887
4962
5491
7662
4777
4808
2879
2268
1948
3274
2063
2108
1394
2393
3862
7485
6365
7931
2525
3298
8365
2312
5743
4187
2655
7998
7475
636
6291
6533
854
9919
1560
7037
660
2662
2598
5219
6067
1144
4631
8275
4237
5949
4882
6135
2648
2069
614
8637
9427
5426
6416
646
895
5558
8617
5675
455
4726
4080
170
4574
6222
4031
7663
1492
2447
1995
8286
7476
9907
9853
316
5949
6113
5113
9517
9147
9068
3928
9943
6881
3366
9510
6022
6310
9970
6329
5017
217
4854
7900
6746
2945
7807
5832
2155
2358
2719
4110
6204
9862
4737
211
2233
8821
1501
8152
111
5060
1815
2165
8735
236
6642
9394
891
7447
1378
2722
5262
7180
5903
9596
4985
9205
405
7575
9511
6686
2648
7041
769
4445
5829
6124
7182
3432
2420
7445
3410
743
714
5267
2856
5511
6251
1161
698
8280
396
6424
4349
4836
9237
7076
9690
5245
4309
3488
886
1153
1441
872
2195
1308
7685
3468
7279
8363
155
1380
2714
7192
2968
5029
630
3207
8995
8654
7255
6476
5970
9151
6393
822
605
8135
5617
9852
6739
3415
8444
851
4011
9801
5203
425
1971
4119
5488
6673
420
7945
8922
9579
3863
5903
9084
2111
9280
598
1125
3766
5705
5515
6968
6901
954
6058
5939
4695
7491
9697
172
4550
7052
9542
1400
4870
68
4193
6917
1518
3349
311
6647
7556
1417
6997
6224
6003
6534
1157
376
1308
2436
1440
5997
3846
5632
7744
9699
3
4409
5217
3180
945
1511
5619
3507
6553
9947
3438
9715
6375
3714
1139
8596
8055
2595
1691
3637
6712
3736
3103
4821
2928
9577
2755
3867
3468
6499
9839
7510
7986
6728
1867
4847
4981
6272
3158
1291
9668
9086
9491
9964
3583
4029
6049
1558
8503
3833
3046
575
4658
762
6231
4608
6071
3530
2390
1512
828
1480
4809
2592
8665
7301
995
8809
9768
3788
9441
2993
3836
6303
7059
2533
7499
1548
1348
2544
7946
3118
6696
7426
8451
9648
2034
1724
3461
3932
591
1943
201
4450
4082
5460
8972
6340
2509
4206
6685
9614
7976
1292
8613
579
1842
5922
6782
8130
6209
1127
6818
8151
8727
7010
97
4670
99
7613
574
9203
9009
8460
1911
4197
6543
3143
8719
393
3261
9762
2009
3898
5329
46
4979
5021
7620
7528
4125
3059
7468
6399
4628
7000
1030
675
8432
8937
6991
1001
5590
1811
640
4315
3051
2901
4084
156
6198
2839
312
6665
4447
3124
4862
4747
90
7939
9021
1273
7819
6980
6040
4715
4405
5781
7049
7753
867
8500
4154
4529
6225
479
5536
2696
1768
983
8053
6712
3476
7859
9136
1687
1076
161
5139
4712
1582
5415
8273
3643
8876
536
9610
8415
5991
7890
6900
9816
9726
2980
7480
4315
675
2236
3990
2631
3554
8638
7221
5166
8495
6737
2939
864
5003
9156
7941
9784
5266
9102
2229
1264
1877
8723
3285
2624
7999
3906
3692
9108
534
3707
6716
4795
8271
8702
3860
8987
8526
4815
3945
3570
7801
2229
3260
6248
3320
5089
9048
5264
492
3756
1611
7837
1369
3594
4767
4786
8481
4810
6515
17
3006
8383
3834
5412
5195
3977
1600
1914
2335
8156
2789
3002
3384
6211
7223
4035
8544
8989
7824
8516
9839
2693
8649
7079
1052
7135
185
6872
737
7758
4767
9315
474
4195
5832
9083
8009
5824
9309
5911
8202
1867
1804
1048
1902
8910
8785
6709
7638
6171
5920
151
126
3932
3282
3249
5811
3448
2570
6678
2307
9762
8067
7550
7423
1916
8
612
7663
7641
6431
103
5282
5951
4515
8128
4496
2491
2028
4803
3711
1775
1133
7966
4926
2374
2346
9454
2882
3929
2868
33
7338
154
1155
5559
7217
3053
3806
3361
4143
9126
8298
4492
4508
669
2797
7399
1571
7038
8462
783
6926
8509
7547
9788
404
3607
3685
2724
5867
676
8188
4669
7548
5545
1811
8608
770
9866
784
7513
8894
6796
258
2955
6171
72
3983
4528
6393
2651
137
8910
8216
5338
2845
6501
7938
1987
2296
4021
7893
8447
6117
5133
7499
7348
5383
4590
5288
8311
5472
3998
6816
5086
5948
328
7811
404
5213
2128
6502
4069
1107
4516
2207
6489
840
5743
77
2110
6933
567
8545
9421
3557
310
7533
6127
8820
2677
4071
2089
4627
6372
3449
2706
9387
823
8313
2229
7674
8651
9216
3169
1183
7494
2010
590
351
1179
697
2667
6866
5805
5365
35
9053
907
1956
8638
1308
9674
4498
6915
9948
5536
3501
6874
2850
7708
5008
127
7836
2628
5066
3044
6274
6022
3210
942
8359
8944
5658
8415
850
7082
5477
9812
3044
2385
2181
8052
1589
1295
733
5897
9072
1574
4560
8219
9639
5388
7117
6119
7748
3391
744
7247
3598
9097
9733
7804
7620
6815
3075
750
4617
1924
7299
4964
3612
9739
4996
7686
5650
329
8253
3247
9795
8441
8502
6393
2622
3561
8419
4305
8825
3489
2685
6169
1721
2948
8911
3580
570
8799
570
6396
5867
6606
5926
9399
4618
7598
501
9928
1911
6893
4853
4634
3512
7533
9971
8919
2137
1896
8150
175
2669
158
8399
1140
5589
8009
9355
1906
8380
2449
6594
1180
6957
5084
1407
3329
2049
4877
8700
5710
9497
4749
3610
1277
6484
2343
7018
3595
2381
1501
7483
6551
9157
9561
6544
8501
8024
8974
3453
5043
1838
6060
5086
1795
3201
3874
3412
103
4630
3117
9405
5659
7770
3375
4895
7980
2890
4699
7872
8711
927
429
1525
9596
4276
5495
1238
5056
8101
6213
7258
4226
6566
7778
4340
8181
765
6339
553
9692
1709
5602
6332
981
8832
1365
3176
4908
6784
3852
1882
9408
7538
7738
7721
7938
6975
1675
6739
649
576
9460
6757
7507
6278
4583
4470
9302
6516
8469
7024
7829
4457
8270
4381
3054
1277
2197
5578
7760
4888
927
7274
8329
5178
2666
7194
7278
4010
9561
7436
2260
6670
9085
5186
8666
5923
4960
4633
4138
5578
6763
1216
2613
5295
728
2995
4779
6103
1201
7928
3708
54
6087
4981
4168
3147
6815
6012
2562
9208
9639
4565
2388
9665
3414
2262
908
5568
8721
7089
6884
35
8425
7978
2176
2515
7026
1892
9696
1041
303
8919
3716
4623
2009
1167
6399
5929
9567
2100
5781
2622
5526
1746
846
2559
3633
5269
8924
6866
525
5474
1145
4387
3795
2868
4410
8408
2081
3554
6368
2576
9506
9994
4269
9159
8312
7580
8723
6056
6636
6789
5784
9504
6141
87
838
5243
7316
2065
9263
1213
8792
9920
5501
7567
9197
9106
3287
3667
7864
2818
1616
9094
2493
6053
6554
3666
9465
6960
584
925
9020
6356
8321
4577
7038
7511
5615
89
9666
1488
3783
7780
4535
31
1716
6297
2971
151
3468
9752
7931
3224
8884
777
2630
7293
8575
531
5536
2623
3746
6202
625
1028
9859
8966
8861
2248
6847
7885
671
6486
5882
5004
5710
6595
8913
3255
34
535
7036
2122
9023
3976
992
7915
1184
101
3777
3727
3711
2285
2356
5077
4401
8570
8914
4179
1327
8653
728
1355
798
3830
7915
5593
7840
5615
2154
2796
5156
3127
7580
4142
1000
2854
3432
3266
4191
1794
7187
5961
8077
7821
9955
3281
5390
7912
6706
4155
6199
2729
399
791
9893
7380
5167
2286
8274
1081
8865
7020
7478
1002
990
9960
9257
8790
2047
8241
5190
4407
3609
327
9212
85
9027
6178
4990
1141
7896
9907
1210
4449
2456
918
9207
1573
3593
6192
4007
995
7787
3995
6444
3988
5368
1835
7367
4044
9498
7724
4715
2328
8615
7194
288
9783
6552
7165
3892
5522
4423
9519
268
7066
2470
811
5688
2236
1533
5059
8676
2147
6715
7134
9914
762
2238
4556
8549
6988
7869
8728
2129
5338
5362
3721
1230
712
3989
7188
2708
7413
6596
610
2720
2406
1903
458
5756
9262
2367
7642
2988
4491
5462
7671
4516
2783
514
6063
888
1658
9116
5783
7740
81
557
486
8298
5277
5023
989
5745
802
2817
6401
8090
2090
4965
7671
9574
7550
1140
5306
6212
6976
9505
9244
2895
4728
1658
695
9747
7097
8138
5711
8208
5999
6124
3446
5511
1544
5979
6475
3409
4204
5620
3424
6223
1210
4989
8934
9276
9936
7663
4311
2047
1222
6958
976
5773
8648
5945
9593
1099
4415
4509
7234
9521
7818
2036
2076
6906
2590
9402
4210
3159
1127
4448
2
3715
1578
4394
7771
8625
2857
5348
8980
3666
2049
4353
2663
1859
9092
739
6297
2052
6206
471
9158
563
854
4711
8365
6038
83
5731
5574
3687
4424
6762
9084
4937
3661
6994
5419
8521
8460
2871
7318
6785
4917
8704
9413
7158
1950
8941
5978
1344
6523
2188
1502
6010
854
8347
5517
9151
2859
5544
7515
4005
4210
9285
8321
5702
9161
8231
648
168
5934
8861
209
9199
342
9053
2030
232
9805
7674
3521
3526
1450
2674
4255
2522
8558
3828
6688
59
5273
2479
8549
8453
5081
7701
1670
1517
4977
718
7432
6914
8338
2121
6840
9296
2392
1613
4967
2415
5459
3502
3345
1208
2799
1611
4619
4391
5267
3140
7081
5035
5011
5914
5945
9451
9730
8382
2831
2947
6744
7579
3646
108
5948
415
2640
8201
5918
2756
3666
8429
9268
1534
6319
58
8894
6861
5528
1413
7464
4081
6892
4966
4316
6077
2394
507
4433
1141
7504
4747
9428
3793
6542
2680
6865
9252
2621
7374
6238
8982
5957
3848
1956
1868
6527
5521
7531
154
3464
7288
9873
591
5855
5613
8919
8926
8332
1689
7417
2253
8300
9402
4647
3590
9389
395
6836
3691
6290
3362
1066
8518
9059
8370
6632
7358
7957
8753
1434
9878
7553
3764
2979
5136
2276
2439
5802
5327
1043
6297
5454
394
8600
1603
7766
6780
3933
8121
3770
6760
2564
1785
3016
3545
4288
2289
4532
6824
8212
6861
6015
2647
5382
8014
5330
8490
7328
3542
4055
2725
4003
7039
500
3664
2583
8075
7253
5608
4036
9174
8630
8879
8006
8344
5418
7571
7505
4311
5370
396
9441
9658
8557
8303
3611
6824
4896
2496
8294
3502
115
4628
8416
15
6576
9524
8799
3877
2856
3245
4180
7926
1836
1189
8717
6355
9525
856
3480
6090
5072
5040
2767
843
5242
9123
3429
9303
3331
6710
5307
6292
4338
7296
4991
9021
1030
8649
9089
2166
4163
7521
4691
1838
4417
8125
141
1437
445
5452
6955
941
1754
2071
5219
7333
7832
695
918
8287
1167
5073
7987
843
8984
1420
7906
9421
5224
5219
9044
4898
7162
3334
9940
7568
6424
6603
8634
4363
1878
2754
9500
8323
6379
5798
2049
4091
2668
4287
5924
1205
3079
5764
3681
280
6857
4653
4559
1523
8796
2071
3930
5356
2129
8673
5964
3937
3622
7156
2839
6592
2164
9039
7537
4274
8839
5104
9789
5218
8379
1710
5698
8699
8815
4611
3850
4751
6761
71
9129
8932
374
4168
4392
5144
1148
3782
3901
9782
7918
6266
8585
2209
6427
3383
2509
3133
2483
7913
6458
5949
8727
8969
6228
8118
3116
4386
6514
4147
6780
7246
3940
3698
8473
458
6561
3003
1678
5689
3661
5009
3364
3363
883
657
6510
4510
5988
4280
2178
3189
2508
6449
6885
5236
8350
3003
2241
8726
6028
8200
4501
8438
9109
5506
2377
9585
2058
8089
6109
4253
7998
7496
365
771
3098
5877
531
2727
2219
166
2585
1224
1625
4625
2009
4131
3300
9324
9619
2626
5277
2820
474
7266
2686
1305
4955
3042
519
3317
8171
4263
5878
4125
1805
1149
514
6240
1164
3495
180
3005
1035
9703
1443
9922
7367
3978
1291
9359
1493
4042
8712
968
7661
2631
2741
9913
1938
5824
3899
8580
6285
2827
7192
2134
3862
9652
8239
9127
6255
7154
3221
1808
5900
757
8591
7895
770
5900
9525
8790
8299
307
2531
6266
5076
6873
7228
3431
9491
8175
475
6729
8360
9165
6760
2837
2270
879
5396
8062
46
972
3489
2675
5105
9207
7296
229
9136
4414
8648
3335
3210
5520
9216
5598
7409
7292
9449
4440
5409
4836
7099
1321
3518
4160
7803
2016
553
4991
133
7192
1198
185
3116
6730
3773
3680
5963
2960
9124
5988
2279
1172
869
5589
2867
6327
2489
5683
9407
1070
4145
7138
207
2535
8804
7850
1171
793
5594
2410
1608
4809
6019
3244
6554
233
2021
1620
20
2843
9201
3618
9574
6787
8017
5063
3489
634
3792
9347
6291
8687
3701
4493
1306
3912
6590
3965
8518
7894
6949
4851
1967
4086
4833
7690
9663
5300
7292
2583
974
7210
6716
7611
9929
7911
6881
6200
3822
9050
7130
2817
5911
7549
5284
8729
5120
6447
2368
9581
1223
1322
5247
2222
847
1091
3564
8599
2656
2671
3191
7309
4446
1282
7466
3332
6116
6579
9641
9022
670
4764
1579
1054
5616
8158
1295
9579
9255
5265
8653
5472
4201
1416
1755
464
4331
9075
8456
3063
7087
9550
6632
8731
9816
9783
6621
2321
6044
6941
4718
5228
8644
7940
1751
2561
515
9748
9740
7606
2049
9057
1163
6281
1827
6166
6909
9708
5480
1931
6009
765
6706
5157
3126
2276
5199
8716
7434
5910
7412
5288
4131
5927
5829
4580
8897
172
5411
6469
8735
990
1138
5876
6508
4795
8726
4247
7306
4326
1210
6622
3347
7071
5052
7576
498
6349
7816
5094
6965
2215
48
9671
5389
530
9029
2579
3359
4596
3460
1300
4715
7992
896
7918
6758
3467
5399
3839
7190
7891
1684
2896
8265
5855
7857
7372
2514
2232
9559
1416
7698
1975
324
8096
5391
8513
3639
4195
8547
1997
4186
5764
3460
3143
6236
3602
9035
28
9659
4705
1923
9077
2283
2919
6193
6609
8549
6275
8234
9451
655
7159
6997
9531
5012
6166
6157
8696
1472
9240
867
5131
8217
6571
6703
2895
7069
532
6704
7524
2885
643
4200
1538
4563
7364
1293
4939
4909
8866
3965
554
5957
4070
9873
8183
8164
4381
7036
2332
2947
4823
225
5954
1382
9804
8719
3108
869
1161
2762
8565
7512
3304
5878
9310
5199
7662
8130
31
4235
8509
5551
9719
957
362
7708
687
2840
9353
7920
8176
1013
9444
9186
1653
1876
3803
7688
9643
6841
149
219
228
3931
9092
6211
1595
2164
3879
8420
1059
3445
8984
5957
5128
4202
470
4744
4950
9509
4670
3403
7848
378
2578
955
6745
438
7963
9743
791
1853
2795
8472
1541
1311
9323
2867
8623
6054
4163
4695
1368
3902
9432
4002
4336
2145
9247
1611
402
1182
9328
2547
2233
3877
6038
5054
5890
7250
1858
6839
8220
1604
2335
9237
540
5145
7105
408
8637
7832
9831
4463
7141
2122
9583
6762
1651
1205
648
135
6853
6039
5811
524
2630
5916
6227
9135
1827
5483
275
965
3534
8979
9126
9541
7564
5070
3706
7801
2314
783
3894
2224
5597
8045
67
2994
1094
8748
166
5186
4852
6788
3035
5737
4835
336
4525
244
386
6038
6946
5820
1330
2222
8004
9566
1899
2096
10
1607
1017
7934
8757
9278
4019
7163
2182
7518
5132
5736
7037
638
3122
1289
7052
2606
5268
2792
9514
6800
9793
1765
3123
5777
2587
296
2812
3075
6283
7077
4629
9160
6254
6523
7480
445
6572
3993
3565
2032
4409
7485
7488
2240
9381
7899
5802
1584
9086
5526
5435
8279
9637
990
5786
423
2670
8886
7347
2823
2192
7632
9807
944
5549
7800
434
5872
1932
3994
1565
7022
7714
9616
1539
2844
815
8556
6089
3890
3044
8543
4391
1836
4258
515
7051
7330
5069
7355
6172
4656
4752
901
3164
1313
7754
9417
2007
3405
3175
5761
1560
4556
1305
6693
6123
5478
4421
7538
6493
2664
3994
6838
8415
9461
8491
762
7802
1351
5294
8108
2796
7648
6525
6521
8048
66
4778
8563
9052
3206
3072
8148
2996
285
3764
4304
6348
6897
4298
1472
618
6007
4020
4016
2458
1124
1366
9318
2523
2953
4964
1373
8663
1180
4716
958
4319
580
1808
9562
197
6721
8124
6711
4947
3765
3847
1940
8617
2627
5028
3258
4516
4675
5671
3857
3722
9406
4165
5804
1874
4972
2532
9810
2079
1576
4417
2890
2334
7997
9489
338
8789
6944
447
2380
2107
5145
5876
6614
7303
8015
2133
8196
9856
2606
6534
8956
2723
8232
2668
6094
8483
293
5025
5710
2683
9320
6208
4527
879
7489
6352
6990
1297
1144
3245
5816
5711
3820
6945
3625
4089
7944
4034
370
9504
1983
390
6630
9898
4964
7409
2321
6706
9576
1823
5318
6653
4080
7101
3987
199
7154
9553
8179
156
6781
9418
2096
9474
8051
3665
1714
5587
804
8383
5705
6969
4887
5817
1891
2978
9319
6343
5882
4659
9096
530
2093
3817
8420
3947
905
2619
1015
5864
3028
3018
5283
7401
1207
3178
8305
7081
1717
9851
165
8000
811
6496
2204
6789
9318
4384
3749
1
812
347
8761
8399
8040
1044
8504
2079
8502
8253
2977
6505
726
97
7262
5679
640
6794
3450
652
7845
8450
8960
6728
4862
6071
5345
8957
4836
8568
4417
8244
1115
5468
8223
7608
7627
5634
4304
9117
5244
1026
4550
2105
4461
4258
994
5344
1905
5782
7843
174
6936
7583
6777
1244
901
7443
7227
5222
6513
3021
8113
8548
7387
8731
7759
8116
6938
4998
4095
6712
5793
5183
3530
7979
4349
164
8690
3215
9262
6929
7743
3939
6671
1780
5060
7248
1940
1881
9597
6050
2304
7348
5160
4004
7520
4140
3725
3284
5544
7284
7643
2998
6823
4934
2784
4004
1177
1561
628
1122
3193
81
6739
5775
8257
5013
9205
5384
8384
1867
6908
1783
4246
4240
7449
2041
8591
9732
5948
3086
1721
993
8950
5545
1444
13
7308
9398
5366
3029
7066
4923
2456
153
6850
9271
2528
759
8432
5064
8347
431
2891
6985
2295
6629
5178
9208
7162
6693
5104
9269
4035
9185
4181
5158
123
6118
435
8455
391
3661
2490
1455
4637
4349
7824
1230
9569
2973
9849
1667
3899
9239
974
7722
9078
2280
3165
4786
1847
3525
5805
3501
7208
9975
1037
7472
208
7751
1960
3882
6961
6948
9526
4274
4222
3185
1986
7129
7
2508
5827
9886
1138
3257
4698
5360
1720
909
8711
2366
633
5990
1432
7483
8829
2440
4928
1613
7624
3106
3663
8388
3416
9775
7075
5560
110
9417
9163
2283
759
5256
5444
3149
9718
5111
1842
6110
8096
2263
9037
6591
340
8461
9141
5089
2229
5287
8499
3135
1493
2301
269
7528
527
7746
3398
468
6177
1849
8112
5016
3269
8564
8414
1892
7274
3447
7867
1561
2868
5099
129
568
9212
7535
6743
4726
3845
6345
9018
4843
8237
8602
4278
794
2523
5968
2593
9403
3052
6789
9780
6356
3492
7492
391
5206
2227
5324
7400
1315
773
636
2600
2110
8806
3262
6930
7355
4865
2929
5208
2965
4131
2047
4348
2078
6160
637
1576
7329
1985
8289
6123
9027
9913
4749
625
4040
2435
5433
573
9442
2410
3263
3414
4277
3476
6304
2555
5558
8300
7748
3971
6481
3690
6063
3909
7561
1426
671
6673
6410
2774
7665
7242
2154
4120
1539
7473
7774
591
3012
1999
202
8085
6664
8270
3808
1180
6472
3717
5562
8587
3670
1006
9106
4633
8237
2501
2030
9476
9319
5295
7577
941
9097
4884
668
356
73
5323
7884
7916
4624
9057
4877
6987
1786
3510
4805
5393
3417
6852
5019
130
3209
7676
8205
545
9759
7215
1681
9370
7467
1830
835
5324
1933
2510
3950
338
3476
3011
2150
8365
5584
8360
2481
8896
1049
5025
3942
6455
6009
9277
3501
260
1476
963
6230
5543
8744
4295
7238
3930
3391
377
7196
5990
7057
2539
6594
2582
9239
8125
5951
3030
1722
5047
617
4039
6282
7634
2696
1458
1147
8435
1573
5734
8297
8581
5441
3936
1420
6114
5314
7094
1494
9934
296
1488
8201
2992
8414
515
7111
221
3292
1275
2609
387
1978
6309
4656
9583
6638
8966
2210
1195
2710
811
4748
5559
690
2815
7327
1139
7384
9458
8325
887
587
3724
154
4016
2790
3342
8903
7095
9377
304
537
6670
4774
4621
3888
2090
2558
9448
2356
5016
7189
7113
4274
3150
4540
471
9412
7519
9709
5444
399
5849
968
6768
2726
8271
3436
3931
972
5374
3858
8762
966
8655
3267
3172
3550
1320
3594
7018
5556
1999
6244
8706
8335
7308
6804
9631
3809
2233
8163
6622
6473
8152
4052
574
3378
8626
5062
2029
8361
1592
5634
1468
1420
4055
3045
7950
1997
4461
4087
6898
8150
8450
3737
4378
166
7878
7358
6504
8025
3045
5904
6804
9862
3737
7347
5804
6674
1340
1367
1929
8227
7447
4679
8185
5503
6940
2062
8495
4946
925
7849
8643
8829
3560
5127
2439
8476
864
7838
1015
1520
6024
7575
5179
9803
5294
8185
2749
4971
4929
1523
4514
2093
1089
1763
3527
7251
5714
1716
4154
1424
2252
3316
3329
4671
1010
5027
7290
324
9517
9447
9201
5770
2213
4717
2839
2732
8859
6570
4997
5119
742
4127
925
3740
3400
8859
7241
1420
348
8266
5587
1371
7134
5899
160
8431
1463
5712
3946
2050
6883
1406
6776
8347
8929
1236
9244
9084
2662
473
729
9108
2862
4910
4382
4164
5841
8386
3876
1406
8670
6180
4288
6969
4199
1811
5141
2577
7032
1378
6073
9260
3381
4567
4882
4727
4799
5618
8557
5423
2066
9995
7931
8828
4446
164
8089
6632
6944
8542
9994
3101
5549
2647
9363
1147
9914
8832
8354
249
8523
2541
8460
7811
3142
5798
4290
6002
371
2251
5791
4794
5011
5860
4545
2205
5833
6758
1297
1644
7529
1121
897
9213
316
8598
1265
3352
6141
5158
1421
123
9123
4294
1127
2798
2684
3759
9084
8785
5042
3953
6470
5233
9772
9351
4286
8729
8404
438
4283
9157
3760
5424
4763
210
9791
2661
6429
721
2674
1545
857
8203
7333
3888
5149
4879
1977
3685
5972
9254
4271
1994
4341
1783
9699
7530
3750
134
8322
1674
6762
3543
6217
1007
1838
448
6715
9049
5340
8413
511
9516
1610
1757
6228
2047
6483
8378
9618
3565
4959
1158
1231
6233
721
3152
3914
8255
7085
4934
487
2614
4404
5685
327
4753
1037
8219
2020
3652
5026
4270
9974
8532
2852
4645
9253
2791
7852
2964
9579
9323
7536
1605
6853
51
6477
7409
1222
3883
6407
5407
3448
1452
666
643
8352
4907
652
3560
5340
5964
9570
6408
5916
6389
8540
327
9771
4285
6877
5328
5576
8691
8810
9047
4437
938
6591
9358
3755
9362
1672
9379
7096
7106
259
2455
6375
4017
6480
9161
1946
6501
2353
560
1557
2227
8340
4375
1482
8068
9434
1747
2557
2200
3635
817
3476
1284
872
8970
173
7367
1701
6216
1452
4811
8865
1666
8255
599
7691
1747
6143
2753
771
9385
2917
7361
5218
202
8135
3088
8439
6049
9454
5695
2078
7445
3573
6581
3743
9610
6720
5824
5601
8561
4455
5804
1785
3786
9181
4305
4723
2091
4753
4294
5515
7080
1888
484
553
4162
3285
2582
1511
8461
4463
8892
5248
7352
3805
6655
5574
3665
5128
7055
8048
33
6381
9688
8846
1283
6997
4402
9371
2659
9763
8167
6798
6769
1786
1632
9693
7652
1929
3049
1230
8107
4292
3827
2347
7503
9599
3384
2146
6212
5673
6617
4022
2462
6099
8995
7285
6497
556
1632
1495
9312
1994
3561
8784
8727
9655
9577
9506
340
422
3373
9810
4496
1472
4760
5252
5372
6815
5891
1206
9606
727
1057
7527
8939
44
209
4546
5398
3012
9853
3339
6295
7593
2991
7444
6799
1995
6226
9068
5799
3808
502
1765
7248
1049
4190
3504
2165
5106
7764
2552
9884
8869
8061
8695
2764
5997
3206
7289
7801
258
6477
6939
3258
5413
1005
3663
8348
4537
2561
4239
7455
8604
1753
3836
3870
737
458
2226
4764
2252
9056
3321
2202
9497
9983
3115
8693
8633
6343
1133
3692
905
2694
9020
175
993
7639
5429
642
9910
9816
7136
465
5693
8137
2778
366
7885
5104
6814
9879
3055
6650
4240
3490
9877
4492
6022
4538
2452
6311
1202
2499
1151
5178
9920
7112
2369
6562
7033
1719
2183
2204
4082
4034
5160
7962
7700
2598
4241
868
7848
2200
6641
9286
8239
6043
1758
8472
6699
1422
2147
8107
702
9427
6727
9486
4605
8123
3178
5264
5472
2956
3758
6641
6569
5060
3936
8753
8510
4935
1298
2154
6421
1237
9126
2025
27
2903
4889
8086
8816
8039
6569
6246
9347
943
6212
342
3110
8234
543
9128
6685
4503
6448
4010
9881
3053
2553
9441
1611
1688
4386
2485
631
3104
5633
774
3575
6762
6568
9532
8136
2744
1083
8796
9830
4764
6716
5366
3071
907
1077
1995
2518