487
935
676
124
792
349
641
845
264
450
379
159
372
383
836
475
646
2
323
241
22
871
589
2
693
942
249
242
435
376
432
400
152
695
987
131
199
18
79
202
591
305
555
984
571
595
58
787
177
938
332
376
8
480
839
596
346
280
699
537
889
483
554
251
926
853
766
558
892
395
541
462
827
444
992
466
361
433
785
62
787
858
626
604
929
823
131
119
367
7
539
915
375
329
464
492
868
557
97
521
794
37
992
5
809
661
365
218
425
596
670
226
503
390
91
475
709
632
533
638
15
16
135
701
450
342
916
718
407
490
16
745
781
611
939
338
629
409
424
554
439
785
331
273
681
938
905
800
728
840
826
942
847
701
769
881
684
887
732
103
402
90
990
384
201
890
98
401
170
724
219
392
358
58
334
151
503
714
41
911
342
971
197
603
826
291
30
253
154
831
419
201
474
839
537
292
682
413
282
304
957
755
283
455
436
134
323
425
994
338
990
565
659
691
186
128
661
22
417
844
921
554
93
792
827
398
979
488
276
968
445
129
305
807
939
955
44
846
884
459
464
366
830
724
283
631
533
946
580
930
928
19
523
557
871
169
96
108
289
704
131
672
258
769
898
407
265
641
58
17
983
257
757
922
587
978
186
56
683
124
218
971
141
396
949
451
668
568
581
139
774
728
91
121
178
179
614
222
999
91
626
72
63
246
972
369
594
610
196
596
191
740
779
460
413
916
844
441
304
937
391
264
792
357
752
885
763
716
118
296
882
903
864
257
480
535
10
737
183
192
557
159
677
812
828
955
220
72
130
58
72
551
898
863
9
905
518
450
16
432
961
800
813
471
808
471
847
408
410
476
565
224
457
259
498
296
241
42
70
411
821
627
662
727
641
364
46
386
521
956
485
914
248
500
270
89
350
287
55
940
1
568
986
902
332
15
849
997
605
167
806
841
295
575
448
676
432
163
962
835
949
734
238
88
706
678
303
976
502
652
324
856
562
479
408
455
786
948
294
239
612
476
481
222
6
530
938
292
780
31
123
600
423
484
696
739
377
723
445
752
812
307
114
855
354
62
308
605
231
592
485
938
955
702
83
686
820
377
118
592
753
542
555
893
353
283
934
178
113
344
900
86
572
943
62
182
885
841
466
142
848
71
787
657
918
306
608
190
679
279
330
511
754
202
503
190
424
726
252
855
79
919
584
60
898
892
595
17
798
756
861
893
23
476
203
953
416
410
156
568
130
609
433
3
500
737
251
8
464
946
511
822
430
597
692
256
418
279
758
51
393
891
866
470
1
763
913
349
846
299
18
866
400
122
504
129
962
837
251
766
310
706
970
861
731
878
750
381
593
275
473
242
747
898
781
589
307
904
58
67
859
0
383
831
535
758
658
812
49
59
578
27
724
498
769
918
10
421
904
839
9
61
314
95
760
572
242
567
487
857
721
804
116
487
87
907
770
154
923
289
252
135
877
941
240
647
745
501
902
680
758
906
999
832
4
193
267
423
397
222
930
671
330
207
556
963
982
634
917
425
591
812
496
541
152
239
588
652
940
216
564
66
862
802
63
624
484
426
616
517
65
720
649
352
849
918
296
711
703
488
100
904
43
985
544
721
879
198
757
373
104
840
951
166
378
764
502
778
412
231
476
660
19
168
782
575
627
318
508
441
591
946
794
74
329
651
201
511
374
508
344
735
585
132
107
794
7
898
374
921
418
651
531
270
487
450
183
265
795
202
346
131
938
523
757
475
360
118
886
739
832
999
415
454
209
590
950
616
905
578
317
890
250
115
632
944
945
818
198
441
29
735
89
83
756
447
424
976
361
584
188
857
978
674
192
229
806
411
41
141
332
23
573
168
22
619
136
534
204
660
705
867
861
273
907
59
689
546
199
12
130
539
959
508
864
360
661
776
819
407
50
878
411
885
531
319
612
918
822
36
718
845
226
212
776
771
796
744
556
288
750
492
502
731
570
722
206
512
588
211
917
701
29
789
268
560
756
292
143
313
279
518
769
775
711
768
897
586
961
238
114
813
249
19
593
166
9
445
111
611
640
275
526
154
822
983
977
37
834
194
28
608
758
152
10
80
747
737
237
562
422
161
671
581
676
77
871
246
418
706
880
958
556
20
884
98
791
47
190
158
891
166
397
310
32
118
924
363
321
326
830
455
62
501
455
661
659
943
573
255
830
949
69
782
254
577
547
320
959
507
817
89
970
611
440
840
296
428
653
124
79
336
658
588
678
421
189
632
786
500
894
95
771
627
754
893
449
982
173
545